  File: /home/faris-al-fatih/linux-practical/lab/01-filesystem/1-5_metadata-dan-ukuran/fs-lab/data/raw/random.bin
  Size: 524288    	Blocks: 1024       IO Block: 4096   regular file
Device: 8,48	Inode: 137799      Links: 1
Access: (0644/-rw-r--r--)  Uid: ( 1000/faris-al-fatih)   Gid: ( 1000/faris-al-fatih)
Access: 2026-01-07 10:15:54.563686837 +0700
Modify: 2026-01-07 10:15:54.567686837 +0700
Change: 2026-01-07 10:15:54.567686837 +0700
 Birth: 2026-01-07 10:15:54.563686837 +0700
